0, 19 [52, 470, 668], [57, 618, 57], [117, 168, 530], [162, 817, 812], [216, 146, 977], [346, 949, 466], [352, 342, 300], [425, 690, 689], [431, 825, 988], [466, 668, 158], [542, 29, 236], [592, 479, 940], [739, 650, 466], [805, 96, 715], [819, 987, 18], [862, 61, 35], [906, 360, 560], [941, 993, 340], [970, 615, 88], [984, 92, 344], 
0, 9 [52, 470, 668], [57, 618, 57], [117, 168, 530], [162, 817, 812], [216, 146, 977], [346, 949, 466], [352, 342, 300], [425, 690, 689], [431, 825, 988], [466, 668, 158], 
0, 4 [52, 470, 668], [57, 618, 57], [117, 168, 530], [162, 817, 812], [216, 146, 977], 
0, 1 [52, 470, 668], [57, 618, 57], 
2, 4 [117, 168, 530], [162, 817, 812], [216, 146, 977], 
End
5, 9 [346, 949, 466], [352, 342, 300], [425, 690, 689], [431, 825, 988], [466, 668, 158], 
5, 6 [346, 949, 466], [352, 342, 300], 
7, 9 [425, 690, 689], [431, 825, 988], [466, 668, 158], 
End
End
10, 19 [542, 29, 236], [592, 479, 940], [739, 650, 466], [805, 96, 715], [819, 987, 18], [862, 61, 35], [906, 360, 560], [941, 993, 340], [970, 615, 88], [984, 92, 344], 
10, 14 [542, 29, 236], [592, 479, 940], [739, 650, 466], [805, 96, 715], [819, 987, 18], 
10, 11 [542, 29, 236], [592, 479, 940], 
12, 14 [739, 650, 466], [805, 96, 715], [819, 987, 18], 
End
15, 19 [862, 61, 35], [906, 360, 560], [941, 993, 340], [970, 615, 88], [984, 92, 344], 
15, 16 [862, 61, 35], [906, 360, 560], 
17, 19 [941, 993, 340], [970, 615, 88], [984, 92, 344], 
End
End
End
8076μs
